662.536 194.551 511.885
622.092 187.232 528.877
622.092 187.232 528.877
581.33 180.257 544.507
581.33 180.257 544.507
540.25 173.626 558.775
540.25 173.626 558.775
498.851 167.34 571.682
498.851 167.34 571.682
457.134 161.397 583.227
457.134 161.397 583.227
415.099 155.799 593.41
415.099 155.799 593.41
372.745 150.545 602.232
372.745 150.545 602.232
330.074 145.635 609.692
330.074 145.635 609.692
287.084 141.069 615.79
287.084 141.069 615.79
243.775 136.847 620.526
243.775 136.847 620.526
200.148 132.97 623.901
200.148 132.97 623.901
156.203 129.437 625.914
156.203 129.437 625.914
111.94 126.247 626.566
111.94 126.247 626.566
67.3582 123.402 625.856
67.3582 123.402 625.856
22.4583 120.901 623.784
22.4583 120.901 623.784
-22.7601 118.744 620.35
-22.7601 118.744 620.35
-68.2966 116.932 615.555
-68.2966 116.932 615.555
-114.152 115.463 609.398
-114.152 115.463 609.398
-160.325 114.339 601.88
-160.325 114.339 601.88
-206.816 113.559 592.999
-206.816 113.559 592.999
-253.626 113.123 582.757
-253.626 113.123 582.757
-300.754 113.031 571.154
-300.754 113.031 571.154
-348.201 113.283 558.189
-348.201 113.283 558.189
-395.965 113.879 543.862
-395.965 113.879 543.862
-444.049 114.82 528.173
-444.049 114.82 528.173
-492.45 116.104 511.123
-492.45 116.104 511.123
-541.17 117.733 492.711
-541.17 117.733 492.711
-590.208 119.706 472.937
-590.208 119.706 472.937
-639.564 122.023 451.802
-639.564 122.023 451.802
-689.238 124.685 429.305
-689.238 124.685 429.305
-675.846 124.65 393.971
-675.846 124.65 393.971
-662.518 124.876 359.211
-662.518 124.876 359.211
-649.257 125.363 325.025
-649.257 125.363 325.025
-636.061 126.112 291.414
-636.061 126.112 291.414
-622.931 127.121 258.376
-622.931 127.121 258.376
-609.867 128.392 225.913
-609.867 128.392 225.913
-596.868 129.924 194.024
-596.868 129.924 194.024
-583.935 131.717 162.709
-583.935 131.717 162.709
-571.068 133.771 131.969
-571.068 133.771 131.969
-558.266 136.086 101.802
-558.266 136.086 101.802
-545.531 138.662 72.2096
-545.531 138.662 72.2096
-532.861 141.5 43.1913
-532.861 141.5 43.1913
-520.256 144.598 14.7471
-520.256 144.598 14.7471
-507.718 147.958 -13.1229
-507.718 147.958 -13.1229
-495.245 151.578 -40.4187
-495.245 151.578 -40.4187
-482.837 155.46 -67.1404
-482.837 155.46 -67.1404
-470.496 159.603 -93.2879
-470.496 159.603 -93.2879
-458.22 164.007 -118.861
-458.22 164.007 -118.861
-446.01 168.673 -143.861
-446.01 168.673 -143.861
-433.865 173.599 -168.286
-433.865 173.599 -168.286
-421.786 178.786 -192.137
-421.786 178.786 -192.137
-409.773 184.235 -215.413
-409.773 184.235 -215.413
-397.826 189.944 -238.116
-397.826 189.944 -238.116
-385.944 195.915 -260.244
-385.944 195.915 -260.244
-374.128 202.147 -281.799
-374.128 202.147 -281.799
-362.378 208.64 -302.779
-362.378 208.64 -302.779
-350.693 215.394 -323.185
-350.693 215.394 -323.185
-339.075 222.409 -343.017
-339.075 222.409 -343.017
-327.521 229.686 -362.275
-327.521 229.686 -362.275
-316.034 237.223 -380.958
-316.034 237.223 -380.958
-283.709 234.95 -360.295
-283.709 234.95 -360.295
-251.928 232.815 -340.74
-251.928 232.815 -340.74
-220.69 230.818 -322.293
-220.69 230.818 -322.293
-189.996 228.959 -304.954
-189.996 228.959 -304.954
-159.845 227.238 -288.724
-159.845 227.238 -288.724
-130.237 225.656 -273.602
-130.237 225.656 -273.602
-101.173 224.211 -259.588
-101.173 224.211 -259.588
-72.6519 222.905 -246.682
-72.6519 222.905 -246.682
-44.6743 221.737 -234.885
-44.6743 221.737 -234.885
-17.24 220.707 -224.196
-17.24 220.707 -224.196
9.65079 219.816 -214.615
9.65079 219.816 -214.615
35.9983 219.062 -206.142
35.9983 219.062 -206.142
61.8024 218.447 -198.778
61.8024 218.447 -198.778
87.0631 217.97 -192.521
87.0631 217.97 -192.521
111.78 217.631 -187.373
111.78 217.631 -187.373
135.954 217.43 -183.333
135.954 217.43 -183.333
159.585 217.368 -180.402
159.585 217.368 -180.402
182.672 217.443 -178.578
182.672 217.443 -178.578
205.216 217.657 -177.863
205.216 217.657 -177.863
227.217 218.009 -178.256
227.217 218.009 -178.256
248.674 218.499 -179.758
248.674 218.499 -179.758
269.587 219.127 -182.367
269.587 219.127 -182.367
289.958 219.894 -186.085
289.958 219.894 -186.085
309.785 220.799 -190.911
309.785 220.799 -190.911
329.068 221.841 -196.845
329.068 221.841 -196.845
347.809 223.023 -203.887
347.809 223.023 -203.887
366.006 224.342 -212.038
366.006 224.342 -212.038
383.659 225.799 -221.297
383.659 225.799 -221.297
400.769 227.395 -231.664
400.769 227.395 -231.664
417.336 229.128 -243.139
417.336 229.128 -243.139
433.831 231.434 -223.228
433.831 231.434 -223.228
450.384 233.462 -203.603
450.384 233.462 -203.603
466.997 235.215 -184.265
466.997 235.215 -184.265
483.669 236.691 -165.214
483.669 236.691 -165.214
500.399 237.89 -146.449
500.399 237.89 -146.449
517.189 238.813 -127.971
517.189 238.813 -127.971
534.038 239.46 -109.781
534.038 239.46 -109.781
550.946 239.83 -91.8764
550.946 239.83 -91.8764
567.913 239.924 -74.259
567.913 239.924 -74.259
584.938 239.741 -56.9284
584.938 239.741 -56.9284
602.023 239.282 -39.8846
602.023 239.282 -39.8846
619.167 238.547 -23.1276
619.167 238.547 -23.1276
636.37 237.535 -6.65734
636.37 237.535 -6.65734
653.632 236.247 9.5261
653.632 236.247 9.5261
670.953 234.682 25.4228
670.953 234.682 25.4228
688.333 232.841 41.0327
688.333 232.841 41.0327
705.772 230.724 56.3558
705.772 230.724 56.3558
723.27 228.33 71.3921
723.27 228.33 71.3921
740.828 225.66 86.1416
740.828 225.66 86.1416
758.444 222.713 100.604
758.444 222.713 100.604
776.119 219.49 114.78
776.119 219.49 114.78
793.853 215.99 128.67
793.853 215.99 128.67
811.646 212.214 142.272
811.646 212.214 142.272
829.499 208.162 155.588
829.499 208.162 155.588
847.41 203.833 168.616
847.41 203.833 168.616
865.38 199.228 181.358
865.38 199.228 181.358
883.409 194.346 193.814
883.409 194.346 193.814
901.498 189.188 205.982
901.498 189.188 205.982
919.645 183.753 217.864
919.645 183.753 217.864
937.852 178.042 229.459
937.852 178.042 229.459
916.12 184.769 259.623
916.12 184.769 259.623
893.796 191.292 289.031
893.796 191.292 289.031
870.88 197.612 317.683
870.88 197.612 317.683
847.371 203.728 345.579
847.371 203.728 345.579
823.269 209.641 372.719
823.269 209.641 372.719
798.575 215.351 399.103
798.575 215.351 399.103
773.288 220.857 424.731
773.288 220.857 424.731
747.409 226.16 449.603
747.409 226.16 449.603
720.937 231.259 473.719
720.937 231.259 473.719
693.873 236.155 497.079
693.873 236.155 497.079
666.216 240.848 519.682
666.216 240.848 519.682
637.966 245.337 541.53
637.966 245.337 541.53
609.124 249.623 562.622
609.124 249.623 562.622
579.69 253.706 582.958
579.69 253.706 582.958
549.663 257.585 602.537
549.663 257.585 602.537
519.043 261.261 621.361
519.043 261.261 621.361
487.831 264.733 639.428
487.831 264.733 639.428
456.026 268.002 656.74
456.026 268.002 656.74
423.628 271.068 673.295
423.628 271.068 673.295
390.638 273.93 689.095
390.638 273.93 689.095
357.056 276.589 704.138
357.056 276.589 704.138
322.881 279.045 718.426
322.881 279.045 718.426
288.113 281.297 731.957
288.113 281.297 731.957
252.753 283.346 744.733
252.753 283.346 744.733
216.8 285.191 756.752
216.8 285.191 756.752
180.255 286.833 768.015
180.255 286.833 768.015
143.117 288.272 778.523
143.117 288.272 778.523
105.386 289.507 788.274
105.386 289.507 788.274
67.0635 290.539 797.269
67.0635 290.539 797.269
28.1479 291.368 805.508
28.1479 291.368 805.508
-29.5651 283.631 776.368
-29.5651 283.631 776.368
-83.5213 276.187 746.855
-83.5213 276.187 746.855
-133.721 269.037 716.968
-133.721 269.037 716.968
-180.163 262.179 686.709
-180.163 262.179 686.709
-222.849 255.615 656.075
-222.849 255.615 656.075
-261.777 249.345 625.069
-261.777 249.345 625.069
-296.949 243.367 593.689
-296.949 243.367 593.689
-328.365 237.683 561.936
-328.365 237.683 561.936
-356.023 232.292 529.81
-356.023 232.292 529.81
-379.924 227.194 497.31
-379.924 227.194 497.31
-400.069 222.389 464.437
-400.069 222.389 464.437
-416.457 217.877 431.191
-416.457 217.877 431.191
-429.087 213.659 397.571
-429.087 213.659 397.571
-437.961 209.734 363.578
-437.961 209.734 363.578
-443.079 206.102 329.212
-443.079 206.102 329.212
-444.439 202.764 294.472
-444.439 202.764 294.472
-442.043 199.718 259.36
-442.043 199.718 259.36
-435.889 196.966 223.873
-435.889 196.966 223.873
-425.979 194.507 188.014
-425.979 194.507 188.014
-412.312 192.342 151.781
-412.312 192.342 151.781
-394.888 190.469 115.175
-394.888 190.469 115.175
-373.708 188.89 78.1961
-373.708 188.89 78.1961
-348.77 187.604 40.8435
-348.77 187.604 40.8435
-320.076 186.611 3.11751
-320.076 186.611 3.11751
-287.624 185.912 -34.9817
-287.624 185.912 -34.9817
-251.416 185.505 -73.4542
-251.416 185.505 -73.4542
-211.452 185.392 -112.3
-211.452 185.392 -112.3
-167.73 185.572 -151.519
-167.73 185.572 -151.519
-120.251 186.046 -191.112
-120.251 186.046 -191.112
-69.0157 186.812 -231.077
-69.0157 186.812 -231.077
-37.0712 196.512 -258.854
-37.0712 196.512 -258.854
-7.24467 205.784 -286.026
-7.24467 205.784 -286.026
20.4639 214.629 -312.592
20.4639 214.629 -312.592
46.0545 223.046 -338.553
46.0545 223.046 -338.553
69.5271 231.036 -363.909
69.5271 231.036 -363.909
90.8818 238.598 -388.659
90.8818 238.598 -388.659
110.118 245.732 -412.804
110.118 245.732 -412.804
127.237 252.439 -436.343
127.237 252.439 -436.343
142.238 258.719 -459.277
142.238 258.719 -459.277
155.121 264.57 -481.606
155.121 264.57 -481.606
165.885 269.995 -503.329
165.885 269.995 -503.329
174.532 274.992 -524.448
174.532 274.992 -524.448
181.061 279.561 -544.96
181.061 279.561 -544.96
185.472 283.702 -564.868
185.472 283.702 -564.868
187.765 287.417 -584.17
187.765 287.417 -584.17
187.94 290.703 -602.866
187.94 290.703 -602.866
185.997 293.562 -620.958
185.997 293.562 -620.958
181.936 295.994 -638.444
181.936 295.994 -638.444
175.757 297.997 -655.324
175.757 297.997 -655.324
167.46 299.574 -671.6
167.46 299.574 -671.6
157.045 300.723 -687.269
157.045 300.723 -687.269
144.512 301.444 -702.334
144.512 301.444 -702.334
129.861 301.738 -716.793
129.861 301.738 -716.793
113.092 301.604 -730.647
113.092 301.604 -730.647
94.2051 301.042 -743.896
94.2051 301.042 -743.896
73.2003 300.053 -756.539
73.2003 300.053 -756.539
50.0775 298.637 -768.577
50.0775 298.637 -768.577
24.8367 296.793 -780.009
24.8367 296.793 -780.009
-2.522 294.521 -790.836
-2.522 294.521 -790.836
-31.9987 291.822 -801.058
-31.9987 291.822 -801.058
-59.7057 278.366 -696.383
-59.7057 278.366 -696.383
-84.617 265.397 -595.04
-84.617 265.397 -595.04
-106.732 252.914 -497.028
-106.732 252.914 -497.028
-126.052 240.918 -402.347
-126.052 240.918 -402.347
-142.576 229.409 -310.998
-142.576 229.409 -310.998
-156.305 218.386 -222.979
-156.305 218.386 -222.979
-167.237 207.85 -138.292
-167.237 207.85 -138.292
-175.374 197.801 -56.9352
-175.374 197.801 -56.9352
-180.715 188.239 21.0899
-180.715 188.239 21.0899
-183.26 179.164 95.7838
-183.26 179.164 95.7838
-183.01 170.575 167.147
-183.01 170.575 167.147
-179.963 162.473 235.178
-179.963 162.473 235.178
-174.122 154.857 299.879
-174.122 154.857 299.879
-165.484 147.729 361.248
-165.484 147.729 361.248
-154.05 141.087 419.286
-154.05 141.087 419.286
-139.821 134.932 473.993
-139.821 134.932 473.993
-122.796 129.264 525.369
-122.796 129.264 525.369
-102.976 124.082 573.414
-102.976 124.082 573.414
-80.3592 119.387 618.127
-80.3592 119.387 618.127
-54.9471 115.179 659.51
-54.9471 115.179 659.51
-26.7392 111.457 697.561
-26.7392 111.457 697.561
4.26447 108.223 732.281
4.26447 108.223 732.281
38.0638 105.475 763.67
38.0638 105.475 763.67
74.659 103.214 791.727
74.659 103.214 791.727
114.05 101.439 816.454
114.05 101.439 816.454
156.237 100.151 837.849
156.237 100.151 837.849
201.219 99.3504 855.914
201.219 99.3504 855.914
248.997 99.0362 870.647
248.997 99.0362 870.647
299.571 99.2087 882.049
299.571 99.2087 882.049
352.94 99.8679 890.119
352.94 99.8679 890.119
395.947 105.612 874.652
395.947 105.612 874.652
436.403 111.18 858.405
436.403 111.18 858.405
474.31 116.573 841.378
474.31 116.573 841.378
509.668 121.789 823.572
509.668 121.789 823.572
542.476 126.83 804.986
542.476 126.83 804.986
572.734 131.695 785.62
572.734 131.695 785.62
600.443 136.384 765.475
600.443 136.384 765.475
625.602 140.897 744.55
625.602 140.897 744.55
648.212 145.235 722.845
648.212 145.235 722.845
668.272 149.397 700.361
668.272 149.397 700.361
685.783 153.383 677.097
685.783 153.383 677.097
700.744 157.193 653.053
700.744 157.193 653.053
713.156 160.827 628.23
713.156 160.827 628.23
723.018 164.286 602.627
723.018 164.286 602.627
730.33 167.568 576.244
730.33 167.568 576.244
735.093 170.675 549.081
735.093 170.675 549.081
737.307 173.606 521.139
737.307 173.606 521.139
736.97 176.361 492.417
736.97 176.361 492.417
734.085 178.941 462.916
734.085 178.941 462.916
728.65 181.344 432.635
728.65 181.344 432.635
720.665 183.572 401.574
720.665 183.572 401.574
710.13 185.624 369.734
710.13 185.624 369.734
697.047 187.5 337.113
697.047 187.5 337.113
681.413 189.201 303.714
681.413 189.201 303.714
663.23 190.725 269.534
663.23 190.725 269.534
642.498 192.074 234.575
642.498 192.074 234.575
619.216 193.247 198.836
619.216 193.247 198.836
593.384 194.244 162.317
593.384 194.244 162.317
565.003 195.065 125.019
565.003 195.065 125.019
534.072 195.711 86.9412
534.072 195.711 86.9412
519.377 197.827 38.3838
519.377 197.827 38.3838
504.244 199.586 -7.56359
504.244 199.586 -7.56359
488.674 200.989 -50.9009
488.674 200.989 -50.9009
472.667 202.035 -91.6281
472.667 202.035 -91.6281
456.222 202.725 -129.745
456.222 202.725 -129.745
439.339 203.058 -165.252
439.339 203.058 -165.252
422.019 203.035 -198.149
422.019 203.035 -198.149
404.262 202.655 -228.436
404.262 202.655 -228.436
386.067 201.919 -256.113
386.067 201.919 -256.113
367.435 200.826 -281.18
367.435 200.826 -281.18
348.365 199.377 -303.637
348.365 199.377 -303.637
328.857 197.571 -323.483
328.857 197.571 -323.483
308.913 195.408 -340.72
308.913 195.408 -340.72
288.53 192.889 -355.347
288.53 192.889 -355.347
267.711 190.014 -367.363
267.711 190.014 -367.363
246.453 186.782 -376.77
246.453 186.782 -376.77
224.759 183.193 -383.566
224.759 183.193 -383.566
202.626 179.248 -387.752
202.626 179.248 -387.752
180.057 174.946 -389.328
180.057 174.946 -389.328
157.05 170.288 -388.295
157.05 170.288 -388.295
133.605 165.274 -384.651
133.605 165.274 -384.651
109.723 159.902 -378.397
109.723 159.902 -378.397
85.4034 154.175 -369.533
85.4034 154.175 -369.533
60.6464 148.09 -358.059
60.6464 148.09 -358.059
35.4519 141.649 -343.974
35.4519 141.649 -343.974
9.81989 134.852 -327.28
9.81989 134.852 -327.28
-16.2495 127.698 -307.976
-16.2495 127.698 -307.976
-42.7565 120.188 -286.062
-42.7565 120.188 -286.062
-69.7009 112.321 -261.537
-69.7009 112.321 -261.537
-97.0828 104.097 -234.403
-97.0828 104.097 -234.403
-113.15 104.607 -200.539
-113.15 104.607 -200.539
-127.509 105.146 -167.286
-127.509 105.146 -167.286
-140.159 105.714 -134.642
-140.159 105.714 -134.642
-151.1 106.311 -102.609
-151.1 106.311 -102.609
-160.333 106.937 -71.1861
-160.333 106.937 -71.1861
-167.857 107.591 -40.3731
-167.857 107.591 -40.3731
-173.673 108.275 -10.1703
-173.673 108.275 -10.1703
-177.78 108.989 19.4224
-177.78 108.989 19.4224
-180.178 109.731 48.405
-180.178 109.731 48.405
-180.868 110.502 76.7775
-180.868 110.502 76.7775
-179.849 111.302 104.54
-179.849 111.302 104.54
-177.121 112.131 131.692
-177.121 112.131 131.692
-172.685 112.989 158.234
-172.685 112.989 158.234
-166.54 113.876 184.166
-166.54 113.876 184.166
-158.686 114.793 209.488
-158.686 114.793 209.488
-149.124 115.738 234.2
-149.124 115.738 234.2
-137.853 116.712 258.302
-137.853 116.712 258.302
-124.873 117.716 281.793
-124.873 117.716 281.793
-110.185 118.748 304.675
-110.185 118.748 304.675
-93.7885 119.81 326.946
-93.7885 119.81 326.946
-75.6831 120.9 348.607
-75.6831 120.9 348.607
-55.869 122.02 369.658
-55.869 122.02 369.658
-34.3463 123.169 390.099
-34.3463 123.169 390.099
-11.1149 124.346 409.93
-11.1149 124.346 409.93
13.8251 125.553 429.151
13.8251 125.553 429.151
40.4737 126.789 447.761
40.4737 126.789 447.761
68.831 128.053 465.762
68.831 128.053 465.762
98.8969 129.347 483.152
98.8969 129.347 483.152
130.671 130.67 499.933
130.671 130.67 499.933
164.155 132.022 516.103
164.155 132.022 516.103
204.211 134.555 477.489
204.211 134.555 477.489
242.565 136.982 439.933
242.565 136.982 439.933
279.216 139.303 403.434
279.216 139.303 403.434
314.164 141.519 367.992
314.164 141.519 367.992
347.411 143.628 333.607
347.411 143.628 333.607
378.954 145.632 300.28
378.954 145.632 300.28
408.796 147.53 268.01
408.796 147.53 268.01
436.935 149.323 236.798
436.935 149.323 236.798
463.371 151.009 206.642
463.371 151.009 206.642
488.105 152.59 177.544
488.105 152.59 177.544
511.136 154.065 149.503
511.136 154.065 149.503
532.465 155.434 122.52
532.465 155.434 122.52
552.092 156.697 96.5934
552.092 156.697 96.5934
570.016 157.855 71.7243
570.016 157.855 71.7243
586.237 158.906 47.9126
586.237 158.906 47.9126
600.756 159.852 25.1581
600.756 159.852 25.1581
613.573 160.692 3.461
613.573 160.692 3.461
624.687 161.426 -17.1789
624.687 161.426 -17.1789
634.098 162.055 -36.7615
634.098 162.055 -36.7615
641.807 162.578 -55.2869
641.807 162.578 -55.2869
647.814 162.994 -72.7549
647.814 162.994 -72.7549
652.118 163.306 -89.1657
652.118 163.306 -89.1657
654.72 163.511 -104.519
654.72 163.511 -104.519
655.619 163.61 -118.815
655.619 163.61 -118.815
654.816 163.604 -132.054
654.816 163.604 -132.054
652.31 163.492 -144.236
652.31 163.492 -144.236
648.102 163.274 -155.361
648.102 163.274 -155.361
642.192 162.95 -165.428
642.192 162.95 -165.428
634.579 162.521 -174.437
634.579 162.521 -174.437
625.263 161.985 -182.39
625.263 161.985 -182.39
591.273 158.798 -196.785
591.273 158.798 -196.785
557.595 155.648 -209.827
557.595 155.648 -209.827
524.229 152.535 -221.517
524.229 152.535 -221.517
491.176 149.46 -231.855
491.176 149.46 -231.855
458.434 146.421 -240.84
458.434 146.421 -240.84
426.005 143.42 -248.474
426.005 143.42 -248.474
393.888 140.455 -254.755
393.888 140.455 -254.755
362.084 137.528 -259.684
362.084 137.528 -259.684
330.592 134.638 -263.26
330.592 134.638 -263.26
299.412 131.785 -265.485
299.412 131.785 -265.485
268.544 128.97 -266.357
268.544 128.97 -266.357
237.988 126.191 -265.877
237.988 126.191 -265.877
207.745 123.449 -264.044
207.745 123.449 -264.044
177.814 120.745 -260.86
177.814 120.745 -260.86
148.195 118.078 -256.323
148.195 118.078 -256.323
118.889 115.448 -250.434
118.889 115.448 -250.434
89.8947 112.855 -243.192
89.8947 112.855 -243.192
61.2126 110.299 -234.599
61.2126 110.299 -234.599
32.8429 107.78 -224.653
32.8429 107.78 -224.653
4.7853 105.298 -213.355
4.7853 105.298 -213.355
-22.96 102.854 -200.705
-22.96 102.854 -200.705
-50.393 100.447 -186.702
-50.393 100.447 -186.702
-77.5138 98.0764 -171.347
-77.5138 98.0764 -171.347
-104.322 95.7434 -154.64
-104.322 95.7434 -154.64
-130.819 93.4474 -136.581
-130.819 93.4474 -136.581
-157.003 91.1886 -117.17
-157.003 91.1886 -117.17
-182.874 88.9669 -96.4059
-182.874 88.9669 -96.4059
-208.434 86.7824 -74.29
-208.434 86.7824 -74.29
-233.681 84.6349 -50.8218
-233.681 84.6349 -50.8218
-258.616 82.5246 -26.0013
-258.616 82.5246 -26.0013
-237.011 80.9003 9.68671
-237.011 80.9003 9.68671
-215.12 79.3934 43.7195
-215.12 79.3934 43.7195
-192.944 78.0041 76.0972
-192.944 78.0041 76.0972
-170.482 76.7322 106.82
-170.482 76.7322 106.82
-147.735 75.5779 135.887
-147.735 75.5779 135.887
-124.703 74.5412 163.299
-124.703 74.5412 163.299
-101.385 73.6219 189.056
-101.385 73.6219 189.056
-77.7814 72.8202 213.158
-77.7814 72.8202 213.158
-53.8927 72.136 235.605
-53.8927 72.136 235.605
-29.7185 71.5693 256.396
-29.7185 71.5693 256.396
-5.25895 71.1202 275.533
-5.25895 71.1202 275.533
19.486 70.7886 293.014
19.486 70.7886 293.014
44.5164 70.5745 308.84
44.5164 70.5745 308.84
69.8322 70.4779 323.01
69.8322 70.4779 323.01
95.4334 70.4988 335.526
95.4334 70.4988 335.526
121.32 70.6373 346.387
121.32 70.6373 346.387
147.492 70.8933 355.592
147.492 70.8933 355.592
173.95 71.2668 363.142
173.95 71.2668 363.142
200.692 71.7578 369.037
200.692 71.7578 369.037
227.721 72.3664 373.277
227.721 72.3664 373.277
255.034 73.0925 375.862
255.034 73.0925 375.862
282.633 73.9361 376.791
282.633 73.9361 376.791
310.518 74.8972 376.065
310.518 74.8972 376.065
338.688 75.9759 373.684
338.688 75.9759 373.684
367.143 77.1721 369.648
367.143 77.1721 369.648
395.884 78.4858 363.957
395.884 78.4858 363.957
424.91 79.917 356.611
424.91 79.917 356.611
454.222 81.4657 347.609
454.222 81.4657 347.609
483.819 83.132 336.953
483.819 83.132 336.953
513.701 84.9158 324.641
