174.899 138.362 123.84
185.574 138.313 117.256
185.574 138.313 117.256
195.824 138.167 110.906
195.824 138.167 110.906
205.649 137.923 104.788
205.649 137.923 104.788
215.049 137.582 98.9021
215.049 137.582 98.9021
224.023 137.143 93.2492
224.023 137.143 93.2492
232.573 136.607 87.8289
232.573 136.607 87.8289
240.697 135.973 82.6412
240.697 135.973 82.6412
248.397 135.242 77.6861
248.397 135.242 77.6861
255.671 134.414 72.9636
255.671 134.414 72.9636
262.52 133.488 68.4738
262.52 133.488 68.4738
268.943 132.464 64.2165
268.943 132.464 64.2165
274.942 131.343 60.1918
274.942 131.343 60.1918
280.516 130.124 56.3998
280.516 130.124 56.3998
285.664 128.808 52.8403
285.664 128.808 52.8403
290.387 127.395 49.5135
290.387 127.395 49.5135
294.685 125.884 46.4192
294.685 125.884 46.4192
298.558 124.275 43.5576
298.558 124.275 43.5576
302.006 122.569 40.9285
302.006 122.569 40.9285
305.029 120.766 38.5321
305.029 120.766 38.5321
307.626 118.865 36.3683
307.626 118.865 36.3683
309.799 116.866 34.4371
309.799 116.866 34.4371
311.546 114.77 32.7385
311.546 114.77 32.7385
312.868 112.577 31.2724
312.868 112.577 31.2724
313.765 110.286 30.039
313.765 110.286 30.039
314.237 107.897 29.0382
314.237 107.897 29.0382
314.284 105.412 28.2701
314.284 105.412 28.2701
313.905 102.828 27.7345
313.905 102.828 27.7345
313.102 100.147 27.4315
313.102 100.147 27.4315
311.873 97.3689 27.3611
311.873 97.3689 27.3611
310.219 94.4931 27.5233
310.219 94.4931 27.5233
314.095 93.8433 33.0588
314.095 93.8433 33.0588
318.01 93.2619 38.4343
318.01 93.2619 38.4343
321.965 92.7488 43.6501
321.965 92.7488 43.6501
325.96 92.3041 48.7061
325.96 92.3041 48.7061
329.995 91.9277 53.6022
329.995 91.9277 53.6022
334.07 91.6197 58.3385
334.07 91.6197 58.3385
338.185 91.3801 62.915
338.185 91.3801 62.915
342.34 91.2088 67.3317
342.34 91.2088 67.3317
346.535 91.1058 71.5886
346.535 91.1058 71.5886
350.77 91.0712 75.6856
350.77 91.0712 75.6856
355.044 91.105 79.6228
355.044 91.105 79.6228
359.359 91.2072 83.4002
359.359 91.2072 83.4002
363.714 91.3776 87.0178
363.714 91.3776 87.0178
368.109 91.6165 90.4756
368.109 91.6165 90.4756
372.544 91.9237 93.7735
372.544 91.9237 93.7735
377.018 92.2992 96.9117
377.018 92.2992 96.9117
381.533 92.7431 99.89
381.533 92.7431 99.89
386.088 93.2554 102.708
386.088 93.2554 102.708
390.682 93.836 105.367
390.682 93.836 105.367
395.317 94.485 107.866
395.317 94.485 107.866
399.992 95.2023 110.205
399.992 95.2023 110.205
404.706 95.988 112.384
404.706 95.988 112.384
409.461 96.842 114.404
409.461 96.842 114.404
414.255 97.7644 116.263
414.255 97.7644 116.263
419.09 98.7551 117.963
419.09 98.7551 117.963
423.964 99.8142 119.503
423.964 99.8142 119.503
428.879 100.942 120.883
428.879 100.942 120.883
433.833 102.137 122.103
433.833 102.137 122.103
438.827 103.402 123.164
438.827 103.402 123.164
443.862 104.734 124.065
443.862 104.734 124.065
438.002 107.55 137.061
438.002 107.55 137.061
432.267 110.271 149.813
432.267 110.271 149.813
426.657 112.896 162.32
426.657 112.896 162.32
421.173 115.426 174.582
421.173 115.426 174.582
415.815 117.861 186.599
415.815 117.861 186.599
410.581 120.2 198.372
410.581 120.2 198.372
405.473 122.444 209.9
405.473 122.444 209.9
400.49 124.593 221.184
400.49 124.593 221.184
395.633 126.646 232.223
395.633 126.646 232.223
390.9 128.604 243.017
390.9 128.604 243.017
386.293 130.466 253.566
386.293 130.466 253.566
381.812 132.233 263.871
381.812 132.233 263.871
377.456 133.905 273.931
377.456 133.905 273.931
373.225 135.482 283.746
373.225 135.482 283.746
369.119 136.963 293.316
369.119 136.963 293.316
365.139 138.349 302.642
365.139 138.349 302.642
361.284 139.639 311.723
361.284 139.639 311.723
357.554 140.835 320.56
357.554 140.835 320.56
353.95 141.934 329.151
353.95 141.934 329.151
350.471 142.939 337.498
350.471 142.939 337.498
347.118 143.848 345.601
347.118 143.848 345.601
343.889 144.662 353.458
343.889 144.662 353.458
340.786 145.38 361.071
340.786 145.38 361.071
337.809 146.003 368.439
337.809 146.003 368.439
334.956 146.531 375.563
334.956 146.531 375.563
332.229 146.963 382.441
332.229 146.963 382.441
329.628 147.3 389.075
329.628 147.3 389.075
327.151 147.542 395.465
327.151 147.542 395.465
324.8 147.689 401.609
324.8 147.689 401.609
322.574 147.74 407.509
322.574 147.74 407.509
313.868 149.733 411.787
313.868 149.733 411.787
305.244 151.75 415.802
305.244 151.75 415.802
296.703 153.788 419.556
296.703 153.788 419.556
288.245 155.849 423.048
288.245 155.849 423.048
279.87 157.932 426.278
279.87 157.932 426.278
271.578 160.038 429.246
271.578 160.038 429.246
263.368 162.166 431.952
263.368 162.166 431.952
255.242 164.316 434.397
255.242 164.316 434.397
247.198 166.489 436.579
247.198 166.489 436.579
239.237 168.683 438.5
239.237 168.683 438.5
231.359 170.9 440.159
231.359 170.9 440.159
223.564 173.14 441.556
223.564 173.14 441.556
215.851 175.402 442.691
215.851 175.402 442.691
208.222 177.686 443.564
208.222 177.686 443.564
200.675 179.992 444.176
200.675 179.992 444.176
193.211 182.321 444.525
193.211 182.321 444.525
185.83 184.672 444.613
185.83 184.672 444.613
178.532 187.045 444.439
178.532 187.045 444.439
171.316 189.441 444.003
171.316 189.441 444.003
164.184 191.859 443.305
164.184 191.859 443.305
157.134 194.299 442.345
157.134 194.299 442.345
150.167 196.762 441.124
150.167 196.762 441.124
143.283 199.247 439.64
143.283 199.247 439.64
136.482 201.754 437.895
136.482 201.754 437.895
129.763 204.284 435.888
129.763 204.284 435.888
123.128 206.836 433.619
123.128 206.836 433.619
116.575 209.41 431.088
116.575 209.41 431.088
110.105 212.007 428.295
110.105 212.007 428.295
103.718 214.626 425.241
103.718 214.626 425.241
97.4141 217.267 421.925
97.4141 217.267 421.925
103.742 214.3 412.963
103.742 214.3 412.963
110.085 211.342 404.188
110.085 211.342 404.188
116.443 208.395 395.6
116.443 208.395 395.6
122.815 205.456 387.199
122.815 205.456 387.199
129.203 202.527 378.985
129.203 202.527 378.985
135.605 199.608 370.958
135.605 199.608 370.958
142.023 196.698 363.117
142.023 196.698 363.117
148.455 193.797 355.463
148.455 193.797 355.463
154.902 190.906 347.996
154.902 190.906 347.996
161.364 188.024 340.716
161.364 188.024 340.716
167.841 185.152 333.623
167.841 185.152 333.623
174.333 182.29 326.717
174.333 182.29 326.717
180.839 179.437 319.997
180.839 179.437 319.997
187.361 176.593 313.465
187.361 176.593 313.465
193.898 173.759 307.119
193.898 173.759 307.119
200.449 170.934 300.96
200.449 170.934 300.96
207.015 168.119 294.988
207.015 168.119 294.988
213.596 165.313 289.203
213.596 165.313 289.203
220.193 162.517 283.605
220.193 162.517 283.605
226.804 159.73 278.193
226.804 159.73 278.193
233.43 156.953 272.968
233.43 156.953 272.968
240.07 154.185 267.931
240.07 154.185 267.931
246.726 151.427 263.08
246.726 151.427 263.08
253.397 148.678 258.416
253.397 148.678 258.416
260.082 145.939 253.938
260.082 145.939 253.938
266.783 143.209 249.648
266.783 143.209 249.648
273.498 140.489 245.544
273.498 140.489 245.544
280.228 137.778 241.628
280.228 137.778 241.628
286.973 135.076 237.898
286.973 135.076 237.898
293.733 132.384 234.355
293.733 132.384 234.355
292.515 132.039 228.629
292.515 132.039 228.629
290.942 131.781 223.237
290.942 131.781 223.237
289.014 131.61 218.18
289.014 131.61 218.18
286.732 131.526 213.457
286.732 131.526 213.457
284.095 131.53 209.069
284.095 131.53 209.069
281.104 131.62 205.014
281.104 131.62 205.014
277.758 131.798 201.294
277.758 131.798 201.294
274.058 132.063 197.909
274.058 132.063 197.909
270.003 132.415 194.857
270.003 132.415 194.857
265.593 132.854 192.14
265.593 132.854 192.14
260.829 133.38 189.757
260.829 133.38 189.757
255.71 133.993 187.709
255.71 133.993 187.709
250.237 134.694 185.994
250.237 134.694 185.994
244.409 135.482 184.615
244.409 135.482 184.615
238.227 136.357 183.569
238.227 136.357 183.569
231.69 137.319 182.858
231.69 137.319 182.858
224.798 138.368 182.481
224.798 138.368 182.481
217.552 139.504 182.438
217.552 139.504 182.438
209.952 140.728 182.73
209.952 140.728 182.73
201.996 142.038 183.356
201.996 142.038 183.356
193.687 143.436 184.316
193.687 143.436 184.316
185.022 144.921 185.611
185.022 144.921 185.611
176.003 146.493 187.239
176.003 146.493 187.239
166.63 148.152 189.203
166.63 148.152 189.203
156.902 149.898 191.5
156.902 149.898 191.5
146.819 151.732 194.132
146.819 151.732 194.132
136.382 153.653 197.098
136.382 153.653 197.098
125.59 155.66 200.398
125.59 155.66 200.398
114.444 157.755 204.033
114.444 157.755 204.033
102.943 159.938 208.002
102.943 159.938 208.002
113.498 156.779 205.962
113.498 156.779 205.962
123.9 153.789 204.336
123.9 153.789 204.336
134.148 150.968 203.124
134.148 150.968 203.124
144.244 148.315 202.327
144.244 148.315 202.327
154.186 145.831 201.943
154.186 145.831 201.943
163.975 143.516 201.974
163.975 143.516 201.974
173.61 141.369 202.419
173.61 141.369 202.419
183.093 139.39 203.278
183.093 139.39 203.278
192.422 137.58 204.551
192.422 137.58 204.551
201.598 135.939 206.238
201.598 135.939 206.238
210.621 134.467 208.339
210.621 134.467 208.339
219.491 133.163 210.855
219.491 133.163 210.855
228.207 132.027 213.785
228.207 132.027 213.785
236.771 131.06 217.129
236.771 131.06 217.129
245.181 130.262 220.887
245.181 130.262 220.887
253.438 129.632 225.059
253.438 129.632 225.059
261.542 129.171 229.645
261.542 129.171 229.645
269.492 128.879 234.646
269.492 128.879 234.646
277.289 128.755 240.06
277.289 128.755 240.06
284.934 128.799 245.889
284.934 128.799 245.889
292.425 129.013 252.132
292.425 129.013 252.132
299.762 129.394 258.789
299.762 129.394 258.789
306.947 129.945 265.861
306.947 129.945 265.861
313.979 130.664 273.346
313.979 130.664 273.346
320.857 131.551 281.246
320.857 131.551 281.246
327.582 132.607 289.559
327.582 132.607 289.559
334.154 133.832 298.287
334.154 133.832 298.287
340.572 135.225 307.429
340.572 135.225 307.429
346.838 136.787 316.985
346.838 136.787 316.985
352.95 138.518 326.956
352.95 138.518 326.956
348.103 137.461 327.063
348.103 137.461 327.063
343.197 136.439 327.22
343.197 136.439 327.22
338.232 135.454 327.429
338.232 135.454 327.429
333.206 134.505 327.688
333.206 134.505 327.688
328.121 133.591 327.997
328.121 133.591 327.997
322.977 132.713 328.358
322.977 132.713 328.358
317.772 131.871 328.769
317.772 131.871 328.769
312.509 131.065 329.231
312.509 131.065 329.231
307.185 130.294 329.744
307.185 130.294 329.744
301.802 129.56 330.307
301.802 129.56 330.307
296.359 128.861 330.921
296.359 128.861 330.921
290.857 128.198 331.586
290.857 128.198 331.586
285.295 127.571 332.302
285.295 127.571 332.302
279.674 126.98 333.068
279.674 126.98 333.068
273.992 126.425 333.885
273.992 126.425 333.885
268.252 125.905 334.753
268.252 125.905 334.753
262.451 125.421 335.671
262.451 125.421 335.671
256.591 124.973 336.64
256.591 124.973 336.64
250.671 124.561 337.66
250.671 124.561 337.66
244.692 124.185 338.73
244.692 124.185 338.73
238.653 123.845 339.852
238.653 123.845 339.852
232.555 123.54 341.024
232.555 123.54 341.024
226.397 123.271 342.246
226.397 123.271 342.246
220.179 123.038 343.52
220.179 123.038 343.52
213.901 122.841 344.844
213.901 122.841 344.844
207.564 122.68 346.219
207.564 122.68 346.219
201.168 122.555 347.644
201.168 122.555 347.644
194.712 122.465 349.121
194.712 122.465 349.121
188.196 122.411 350.648
188.196 122.411 350.648
181.62 122.393 352.225
