746.183 46.5721 -812.262
723.447 46.709 -819.122
723.447 46.709 -819.122
700.189 46.8061 -825.889
700.189 46.8061 -825.889
676.41 46.8634 -832.564
676.41 46.8634 -832.564
652.109 46.881 -839.146
652.109 46.881 -839.146
627.285 46.8588 -845.635
627.285 46.8588 -845.635
601.94 46.7968 -852.031
601.94 46.7968 -852.031
576.074 46.6951 -858.335
576.074 46.6951 -858.335
549.685 46.5536 -864.546
549.685 46.5536 -864.546
522.775 46.3723 -870.664
522.775 46.3723 -870.664
495.342 46.1512 -876.689
495.342 46.1512 -876.689
467.388 45.8904 -882.622
467.388 45.8904 -882.622
438.912 45.5898 -888.462
438.912 45.5898 -888.462
409.915 45.2494 -894.209
409.915 45.2494 -894.209
380.395 44.8693 -899.864
380.395 44.8693 -899.864
350.354 44.4494 -905.425
350.354 44.4494 -905.425
319.791 43.9897 -910.894
319.791 43.9897 -910.894
288.706 43.4903 -916.271
288.706 43.4903 -916.271
257.099 42.9511 -921.554
257.099 42.9511 -921.554
224.97 42.3721 -926.745
224.97 42.3721 -926.745
192.32 41.7533 -931.843
192.32 41.7533 -931.843
159.147 41.0948 -936.848
159.147 41.0948 -936.848
125.453 40.3965 -941.761
125.453 40.3965 -941.761
91.2372 39.6584 -946.581
91.2372 39.6584 -946.581
56.4994 38.8806 -951.308
56.4994 38.8806 -951.308
21.2398 38.063 -955.942
21.2398 38.063 -955.942
-14.5417 37.2056 -960.484
-14.5417 37.2056 -960.484
-50.8449 36.3085 -964.932
-50.8449 36.3085 -964.932
-87.67 35.3716 -969.289
-87.67 35.3716 -969.289
-125.017 34.3949 -973.552
-125.017 34.3949 -973.552
-162.886 33.3784 -977.723
-162.886 33.3784 -977.723
-191.642 34.0419 -959.532
-191.642 34.0419 -959.532
-219.804 34.6965 -941.116
-219.804 34.6965 -941.116
-247.369 35.3424 -922.476
-247.369 35.3424 -922.476
-274.339 35.9795 -903.612
-274.339 35.9795 -903.612
-300.713 36.6077 -884.524
-300.713 36.6077 -884.524
-326.492 37.2272 -865.211
-326.492 37.2272 -865.211
-351.675 37.8379 -845.673
-351.675 37.8379 -845.673
-376.262 38.4398 -825.912
-376.262 38.4398 -825.912
-400.254 39.0329 -805.925
-400.254 39.0329 -805.925
-423.65 39.6173 -785.715
-423.65 39.6173 -785.715
-446.45 40.1928 -765.28
-446.45 40.1928 -765.28
-468.655 40.7595 -744.62
-468.655 40.7595 -744.62
-490.264 41.3175 -723.736
-490.264 41.3175 -723.736
-511.277 41.8666 -702.628
-511.277 41.8666 -702.628
-531.695 42.407 -681.295
-531.695 42.407 -681.295
-551.517 42.9385 -659.738
-551.517 42.9385 -659.738
-570.743 43.4613 -637.957
-570.743 43.4613 -637.957
-589.374 43.9753 -615.951
-589.374 43.9753 -615.951
-607.409 44.4805 -593.721
-607.409 44.4805 -593.721
-624.848 44.9769 -571.266
-624.848 44.9769 -571.266
-641.692 45.4645 -548.587
-641.692 45.4645 -548.587
-657.94 45.9433 -525.683
-657.94 45.9433 -525.683
-673.592 46.4133 -502.556
-673.592 46.4133 -502.556
-688.649 46.8745 -479.203
-688.649 46.8745 -479.203
-703.11 47.327 -455.626
-703.11 47.327 -455.626
-716.976 47.7706 -431.825
-716.976 47.7706 -431.825
-730.245 48.2055 -407.8
-730.245 48.2055 -407.8
-742.919 48.6315 -383.55
-742.919 48.6315 -383.55
-754.998 49.0488 -359.075
-754.998 49.0488 -359.075
-766.481 49.4573 -334.377
-766.481 49.4573 -334.377
-767.341 50.2882 -292.428
-767.341 50.2882 -292.428
-767.721 51.0647 -250.965
-767.721 51.0647 -250.965
-767.62 51.7869 -209.988
-767.62 51.7869 -209.988
-767.038 52.4548 -169.497
-767.038 52.4548 -169.497
-765.976 53.0683 -129.493
-765.976 53.0683 -129.493
-764.433 53.6274 -89.9739
-764.433 53.6274 -89.9739
-762.41 54.1322 -50.9413
-762.41 54.1322 -50.9413
-759.906 54.5826 -12.3948
-759.906 54.5826 -12.3948
-756.922 54.9787 25.6657
-756.922 54.9787 25.6657
-753.456 55.3204 63.2401
-753.456 55.3204 63.2401
-749.511 55.6078 100.328
-749.511 55.6078 100.328
-745.085 55.8409 136.931
-745.085 55.8409 136.931
-740.178 56.0195 173.047
-740.178 56.0195 173.047
-734.79 56.1438 208.677
-734.79 56.1438 208.677
-728.922 56.2138 243.821
-728.922 56.2138 243.821
-722.573 56.2294 278.479
-722.573 56.2294 278.479
-715.744 56.1907 312.651
-715.744 56.1907 312.651
-708.434 56.0976 346.337
-708.434 56.0976 346.337
-700.644 55.9502 379.537
-700.644 55.9502 379.537
-692.373 55.7484 412.251
-692.373 55.7484 412.251
-683.621 55.4922 444.479
-683.621 55.4922 444.479
-674.389 55.1817 476.221
-674.389 55.1817 476.221
-664.676 54.8169 507.476
-664.676 54.8169 507.476
-654.483 54.3977 538.246
-654.483 54.3977 538.246
-643.809 53.9241 568.529
-643.809 53.9241 568.529
-632.654 53.3962 598.327
-632.654 53.3962 598.327
-621.019 52.8139 627.638
-621.019 52.8139 627.638
-608.903 52.1773 656.464
-608.903 52.1773 656.464
-596.307 51.4863 684.803
-596.307 51.4863 684.803
-583.23 50.741 712.656
-583.23 50.741 712.656
-562.629 49.9806 726.766
-562.629 49.9806 726.766
-541.6 49.3543 740.278
-541.6 49.3543 740.278
-520.141 48.862 753.191
-520.141 48.862 753.191
-498.253 48.5037 765.506
-498.253 48.5037 765.506
-475.936 48.2795 777.223
-475.936 48.2795 777.223
-453.19 48.1893 788.342
-453.19 48.1893 788.342
-430.014 48.2331 798.862
-430.014 48.2331 798.862
-406.409 48.411 808.784
-406.409 48.411 808.784
-382.375 48.7229 818.107
-382.375 48.7229 818.107
-357.912 49.1689 826.832
-357.912 49.1689 826.832
-333.019 49.7489 834.959
-333.019 49.7489 834.959
-307.698 50.463 842.488
-307.698 50.463 842.488
-281.947 51.311 849.418
-281.947 51.311 849.418
-255.766 52.2932 855.75
-255.766 52.2932 855.75
-229.157 53.4093 861.484
-229.157 53.4093 861.484
-202.118 54.6595 866.619
-202.118 54.6595 866.619
-174.65 56.0438 871.156
-174.65 56.0438 871.156
-146.753 57.562 875.095
-146.753 57.562 875.095
-118.427 59.2144 878.435
-118.427 59.2144 878.435
-89.6711 61.0007 881.178
-89.6711 61.0007 881.178
-60.4863 62.9211 883.321
-60.4863 62.9211 883.321
-30.8721 64.9756 884.867
-30.8721 64.9756 884.867
-0.828857 67.164 885.814
-0.828857 67.164 885.814
29.6438 69.4865 886.163
29.6438 69.4865 886.163
60.5455 71.9431 885.914
60.5455 71.9431 885.914
91.8766 74.5337 885.066
91.8766 74.5337 885.066
123.637 77.2583 883.62
123.637 77.2583 883.62
155.826 80.117 881.576
155.826 80.117 881.576
188.445 83.1097 878.933
188.445 83.1097 878.933
221.493 86.2365 875.692
221.493 86.2365 875.692
249.709 88.2742 859.935
249.709 88.2742 859.935
277.548 90.2336 844.006
277.548 90.2336 844.006
305.011 92.1146 827.905
305.011 92.1146 827.905
332.099 93.9174 811.632
332.099 93.9174 811.632
358.81 95.6418 795.187
358.81 95.6418 795.187
385.145 97.2879 778.569
385.145 97.2879 778.569
411.104 98.8557 761.779
411.104 98.8557 761.779
436.687 100.345 744.818
436.687 100.345 744.818
461.894 101.756 727.684
461.894 101.756 727.684
486.724 103.089 710.377
486.724 103.089 710.377
511.179 104.344 692.899
511.179 104.344 692.899
535.258 105.52 675.249
535.258 105.52 675.249
558.96 106.617 657.426
558.96 106.617 657.426
582.286 107.637 639.431
582.286 107.637 639.431
605.236 108.578 621.264
605.236 108.578 621.264
627.811 109.441 602.925
627.811 109.441 602.925
650.009 110.225 584.414
650.009 110.225 584.414
671.83 110.932 565.73
671.83 110.932 565.73
693.276 111.56 546.875
693.276 111.56 546.875
714.346 112.109 527.847
714.346 112.109 527.847
735.04 112.58 508.647
735.04 112.58 508.647
755.357 112.973 489.275
755.357 112.973 489.275
775.298 113.288 469.73
775.298 113.288 469.73
794.864 113.524 450.014
794.864 113.524 450.014
814.053 113.682 430.125
814.053 113.682 430.125
832.866 113.761 410.065
832.866 113.761 410.065
851.303 113.763 389.832
851.303 113.763 389.832
869.364 113.686 369.427
869.364 113.686 369.427
887.049 113.53 348.85
887.049 113.53 348.85
904.357 113.297 328.1
904.357 113.297 328.1
910.281 108.083 300.464
910.281 108.083 300.464
915.66 102.957 273.111
915.66 102.957 273.111
920.494 97.9184 246.039
920.494 97.9184 246.039
924.782 92.9675 219.249
924.782 92.9675 219.249
928.526 88.1041 192.741
928.526 88.1041 192.741
931.724 83.3284 166.515
931.724 83.3284 166.515
934.377 78.6402 140.572
934.377 78.6402 140.572
936.486 74.0396 114.91
936.486 74.0396 114.91
938.049 69.5266 89.5297
938.049 69.5266 89.5297
939.067 65.1012 64.4317
939.067 65.1012 64.4317
939.539 60.7633 39.6157
939.539 60.7633 39.6157
939.467 56.513 15.0817
939.467 56.513 15.0817
938.85 52.3503 -9.17039
938.85 52.3503 -9.17039
937.687 48.2752 -33.1405
937.687 48.2752 -33.1405
935.98 44.2877 -56.8286
935.98 44.2877 -56.8286
933.727 40.3877 -80.2348
933.727 40.3877 -80.2348
930.929 36.5753 -103.359
930.929 36.5753 -103.359
927.586 32.8505 -126.201
927.586 32.8505 -126.201
923.698 29.2133 -148.761
923.698 29.2133 -148.761
919.265 25.6637 -171.04
919.265 25.6637 -171.04
914.286 22.2016 -193.036
914.286 22.2016 -193.036
908.763 18.8271 -214.75
908.763 18.8271 -214.75
902.695 15.5402 -236.183
902.695 15.5402 -236.183
896.081 12.3409 -257.333
896.081 12.3409 -257.333
888.922 9.22913 -278.201
888.922 9.22913 -278.201
881.218 6.20496 -298.788
881.218 6.20496 -298.788
872.969 3.26837 -319.092
872.969 3.26837 -319.092
864.175 0.419354 -339.115
864.175 0.419354 -339.115
854.836 -2.34208 -358.855
854.836 -2.34208 -358.855
844.952 -5.01593 -378.314
844.952 -5.01593 -378.314
833.748 -2.72953 -407.143
833.748 -2.72953 -407.143
822.014 -0.43407 -435.056
822.014 -0.43407 -435.056
809.75 1.87043 -462.05
809.75 1.87043 -462.05
796.957 4.18398 -488.128
796.957 4.18398 -488.128
783.634 6.50658 -513.288
783.634 6.50658 -513.288
769.781 8.83822 -537.531
769.781 8.83822 -537.531
755.398 11.1789 -560.857
755.398 11.1789 -560.857
740.486 13.5286 -583.265
740.486 13.5286 -583.265
725.043 15.8874 -604.756
725.043 15.8874 -604.756
709.071 18.2552 -625.33
709.071 18.2552 -625.33
692.57 20.6321 -644.986
692.57 20.6321 -644.986
675.538 23.018 -663.725
675.538 23.018 -663.725
657.977 25.413 -681.547
657.977 25.413 -681.547
639.885 27.817 -698.452
639.885 27.817 -698.452
621.265 30.2301 -714.439
621.265 30.2301 -714.439
602.114 32.6522 -729.509
602.114 32.6522 -729.509
582.434 35.0834 -743.661
582.434 35.0834 -743.661
562.223 37.5236 -756.896
562.223 37.5236 -756.896
541.484 39.9728 -769.214
541.484 39.9728 -769.214
520.214 42.4311 -780.615
520.214 42.4311 -780.615
498.414 44.8984 -791.098
498.414 44.8984 -791.098
476.085 47.3748 -800.664
476.085 47.3748 -800.664
453.226 49.8603 -809.313
453.226 49.8603 -809.313
429.837 52.3547 -817.044
429.837 52.3547 -817.044
405.919 54.8583 -823.858
405.919 54.8583 -823.858
381.47 57.3708 -829.755
381.47 57.3708 -829.755
356.492 59.8925 -834.734
356.492 59.8925 -834.734
330.985 62.4231 -838.797
330.985 62.4231 -838.797
304.947 64.9628 -841.941
304.947 64.9628 -841.941
278.38 67.5116 -844.169
278.38 67.5116 -844.169
250.613 66.146 -832.089
250.613 66.146 -832.089
223.704 64.6677 -819.452
223.704 64.6677 -819.452
197.654 63.0767 -806.26
197.654 63.0767 -806.26
172.462 61.3731 -792.511
172.462 61.3731 -792.511
148.128 59.5568 -778.207
148.128 59.5568 -778.207
124.653 57.6277 -763.346
124.653 57.6277 -763.346
102.036 55.586 -747.929
102.036 55.586 -747.929
80.2769 53.4316 -731.956
80.2769 53.4316 -731.956
59.3763 51.1645 -715.427
59.3763 51.1645 -715.427
39.334 48.7847 -698.341
39.334 48.7847 -698.341
20.15 46.2923 -680.7
20.15 46.2923 -680.7
1.82433 43.6871 -662.502
1.82433 43.6871 -662.502
-15.6431 40.9693 -643.748
-15.6431 40.9693 -643.748
-32.2523 38.1388 -624.438
-32.2523 38.1388 -624.438
-48.0031 35.1956 -604.573
-48.0031 35.1956 -604.573
-62.8957 32.1397 -584.15
-62.8957 32.1397 -584.15
-76.93 28.9711 -563.172
-76.93 28.9711 -563.172
-90.1061 25.6898 -541.638
-90.1061 25.6898 -541.638
-102.424 22.2958 -519.547
-102.424 22.2958 -519.547
-113.883 18.7892 -496.9
-113.883 18.7892 -496.9
-124.484 15.1699 -473.697
-124.484 15.1699 -473.697
-134.227 11.4378 -449.938
-134.227 11.4378 -449.938
-143.112 7.59315 -425.623
-143.112 7.59315 -425.623
-151.138 3.63575 -400.752
-151.138 3.63575 -400.752
-158.306 -0.434322 -375.325
-158.306 -0.434322 -375.325
-164.616 -4.61709 -349.341
-164.616 -4.61709 -349.341
-170.068 -8.91254 -322.802
-170.068 -8.91254 -322.802
-174.661 -13.3207 -295.706
-174.661 -13.3207 -295.706
-178.396 -17.8415 -268.054
-178.396 -17.8415 -268.054
-181.272 -22.475 -239.846
-181.272 -22.475 -239.846
-191.646 -23.4347 -214.444
-191.646 -23.4347 -214.444
-201.986 -24.2492 -188.653
-201.986 -24.2492 -188.653
-212.291 -24.9187 -162.472
-212.291 -24.9187 -162.472
-222.562 -25.443 -135.901
-222.562 -25.443 -135.901
-232.8 -25.8223 -108.941
-232.8 -25.8223 -108.941
-243.003 -26.0565 -81.5908
-243.003 -26.0565 -81.5908
-253.172 -26.1457 -53.8511
-253.172 -26.1457 -53.8511
-263.307 -26.0897 -25.7217
-263.307 -26.0897 -25.7217
-273.408 -25.8886 2.79736
-273.408 -25.8886 2.79736
-283.475 -25.5425 31.7061
-283.475 -25.5425 31.7061
-293.508 -25.0513 61.0046
-293.508 -25.0513 61.0046
-303.507 -24.4149 90.6927
-303.507 -24.4149 90.6927
-313.472 -23.6335 120.77
-313.472 -23.6335 120.77
-323.403 -22.707 151.238
-323.403 -22.707 151.238
-333.3 -21.6355 182.095
-333.3 -21.6355 182.095
-343.163 -20.4188 213.342
-343.163 -20.4188 213.342
-352.991 -19.057 244.979
-352.991 -19.057 244.979
-362.786 -17.5502 277.005
-362.786 -17.5502 277.005
-372.547 -15.8983 309.421
-372.547 -15.8983 309.421
-382.273 -14.1012 342.226
-382.273 -14.1012 342.226
-391.966 -12.1592 375.422
-391.966 -12.1592 375.422
-401.624 -10.072 409.007
-401.624 -10.072 409.007
-411.248 -7.83969 442.981
-411.248 -7.83969 442.981
-420.839 -5.46233 477.346
-420.839 -5.46233 477.346
-430.395 -2.93988 512.1
-430.395 -2.93988 512.1
-439.917 -0.272342 547.243
-439.917 -0.272342 547.243
-449.405 2.54028 582.777
-449.405 2.54028 582.777
-458.859 5.49799 618.7
-458.859 5.49799 618.7
-468.279 8.60078 655.012
-468.279 8.60078 655.012
-477.665 11.8487 691.715
-477.665 11.8487 691.715
-460.616 17.143 712.067
-460.616 17.143 712.067
-443.128 22.3394 731.898
-443.128 22.3394 731.898
-425.201 27.4379 751.206
-425.201 27.4379 751.206
-406.836 32.4386 769.991
-406.836 32.4386 769.991
-388.032 37.3414 788.255
-388.032 37.3414 788.255
-368.789 42.1464 805.997
-368.789 42.1464 805.997
-349.108 46.8534 823.216
-349.108 46.8534 823.216
-328.988 51.4627 839.913
-328.988 51.4627 839.913
-308.429 55.974 856.088
-308.429 55.974 856.088
-287.431 60.3875 871.74
-287.431 60.3875 871.74
-265.995 64.7031 886.871
-265.995 64.7031 886.871
-244.12 68.9208 901.479
-244.12 68.9208 901.479
-221.807 73.0407 915.565
-221.807 73.0407 915.565
-199.054 77.0627 929.129
-199.054 77.0627 929.129
-175.863 80.9868 942.171
-175.863 80.9868 942.171
-152.234 84.813 954.69
-152.234 84.813 954.69
-128.165 88.5414 966.688
-128.165 88.5414 966.688
-103.658 92.172 978.163
-103.658 92.172 978.163
-78.7122 95.7046 989.116
-78.7122 95.7046 989.116
-53.3277 99.1394 999.546
-53.3277 99.1394 999.546
-27.5045 102.476 1009.45
-27.5045 102.476 1009.45
-1.24258 105.715 1018.84
-1.24258 105.715 1018.84
25.458 108.857 1027.71
25.458 108.857 1027.71
52.5973 111.9 1036.05
52.5973 111.9 1036.05
80.1753 114.845 1043.87
80.1753 114.845 1043.87
108.192 117.693 1051.16
108.192 117.693 1051.16
136.647 120.443 1057.94
136.647 120.443 1057.94
165.541 123.094 1064.19
165.541 123.094 1064.19
194.874 125.648 1069.92
194.874 125.648 1069.92
224.646 128.105 1075.13
224.646 128.105 1075.13
262.16 126.975 1063.62
262.16 126.975 1063.62
298.96 125.845 1051.78
298.96 125.845 1051.78
335.046 124.717 1039.63
335.046 124.717 1039.63
370.419 123.589 1027.16
370.419 123.589 1027.16
405.077 122.462 1014.37
405.077 122.462 1014.37
439.021 121.336 1001.27
439.021 121.336 1001.27
472.251 120.21 987.844
472.251 120.21 987.844
504.768 119.085 974.104
504.768 119.085 974.104
536.57 117.961 960.047
536.57 117.961 960.047
567.658 116.838 945.672
567.658 116.838 945.672
598.032 115.715 930.979
598.032 115.715 930.979
627.693 114.593 915.97
627.693 114.593 915.97
656.639 113.472 900.642
656.639 113.472 900.642
684.871 112.351 884.997
684.871 112.351 884.997
712.39 111.231 869.035
712.39 111.231 869.035
739.194 110.112 852.755
739.194 110.112 852.755
765.284 108.994 836.158
765.284 108.994 836.158
790.661 107.876 819.243
790.661 107.876 819.243
815.323 106.76 802.01
815.323 106.76 802.01
839.271 105.643 784.46
839.271 105.643 784.46
862.506 104.528 766.593
862.506 104.528 766.593
885.026 103.413 748.408
885.026 103.413 748.408
906.833 102.299 729.905
906.833 102.299 729.905
927.925 101.186 711.085
927.925 101.186 711.085
948.304 100.073 691.948
948.304 100.073 691.948
967.968 98.9617 672.493
967.968 98.9617 672.493
986.918 97.8506 652.72
986.918 97.8506 652.72
1005.15 96.7402 632.63
1005.15 96.7402 632.63
1022.68 95.6306 612.223
1022.68 95.6306 612.223
1039.49 94.5217 591.498
1039.49 94.5217 591.498
1045.35 86.1698 558.663
1045.35 86.1698 558.663
1050.93 78.2568 525.964
1050.93 78.2568 525.964
1056.22 70.7826 493.401
1056.22 70.7826 493.401
1061.23 63.7473 460.975
1061.23 63.7473 460.975
1065.96 57.1508 428.685
1065.96 57.1508 428.685
1070.4 50.9932 396.532
1070.4 50.9932 396.532
1074.55 45.2744 364.515
1074.55 45.2744 364.515
1078.42 39.9945 332.634
1078.42 39.9945 332.634
1082 35.1534 300.889
1082 35.1534 300.889
1085.3 30.7512 269.281
1085.3 30.7512 269.281
1088.31 26.7878 237.809
1088.31 26.7878 237.809
1091.04 23.2633 206.474
1091.04 23.2633 206.474
1093.48 20.1776 175.274
1093.48 20.1776 175.274
1095.64 17.5308 144.211
1095.64 17.5308 144.211
1097.51 15.3229 113.285
1097.51 15.3229 113.285
1099.1 13.5538 82.4947
1099.1 13.5538 82.4947
1100.4 12.2235 51.8408
1100.4 12.2235 51.8408
1101.42 11.3321 21.3232
1101.42 11.3321 21.3232
1102.15 10.8796 -9.05806
1102.15 10.8796 -9.05806
1102.59 10.8659 -39.303
1102.59 10.8659 -39.303
1102.75 11.291 -69.4116
1102.75 11.291 -69.4116
1102.63 12.1551 -99.3839
1102.63 12.1551 -99.3839
1102.22 13.4579 -129.22
1102.22 13.4579 -129.22
1101.52 15.1996 -158.919
1101.52 15.1996 -158.919
1100.54 17.3802 -188.483
1100.54 17.3802 -188.483
1099.28 19.9996 -217.91
1099.28 19.9996 -217.91
1097.73 23.0579 -247.2
1097.73 23.0579 -247.2
1095.89 26.555 -276.355
1095.89 26.555 -276.355
1093.77 30.491 -305.372
1093.77 30.491 -305.372
1091.36 34.8658 -334.254
1091.36 34.8658 -334.254
1075.05 38.2739 -364.521
1075.05 38.2739 -364.521
1057.32 41.3416 -393.615
1057.32 41.3416 -393.615
1038.19 44.0689 -421.537
1038.19 44.0689 -421.537
1017.65 46.456 -448.286
1017.65 46.456 -448.286
995.7 48.5028 -473.863
995.7 48.5028 -473.863
972.345 50.2092 -498.268
972.345 50.2092 -498.268
947.583 51.5753 -521.5
947.583 51.5753 -521.5
921.414 52.6011 -543.56
921.414 52.6011 -543.56
893.837 53.2866 -564.447
893.837 53.2866 -564.447
864.853 53.6317 -584.162
864.853 53.6317 -584.162
834.462 53.6366 -602.705
834.462 53.6366 -602.705
802.663 53.3011 -620.075
802.663 53.3011 -620.075
769.458 52.6253 -636.273
769.458 52.6253 -636.273
734.845 51.6092 -651.298
734.845 51.6092 -651.298
698.825 50.2527 -665.151
698.825 50.2527 -665.151
661.397 48.556 -677.832
661.397 48.556 -677.832
622.562 46.5189 -689.34
622.562 46.5189 -689.34
582.32 44.1415 -699.676
582.32 44.1415 -699.676
540.671 41.4238 -708.839
540.671 41.4238 -708.839
497.615 38.3658 -716.83
497.615 38.3658 -716.83
453.151 34.9674 -723.649
453.151 34.9674 -723.649
407.28 31.2288 -729.295
407.28 31.2288 -729.295
360.001 27.1498 -733.769
360.001 27.1498 -733.769
311.316 22.7305 -737.071
311.316 22.7305 -737.071
261.223 17.9709 -739.2
261.223 17.9709 -739.2
209.723 12.8709 -740.156
209.723 12.8709 -740.156
156.815 7.43067 -739.94
156.815 7.43067 -739.94
102.501 1.65009 -738.552
102.501 1.65009 -738.552
46.7789 -4.4708 -735.992
46.7789 -4.4708 -735.992
-10.3503 -10.932 -732.259
-10.3503 -10.932 -732.259
-19.7977 -8.34997 -671.402
-19.7977 -8.34997 -671.402
-26.6546 -5.75249 -611.528
-26.6546 -5.75249 -611.528
-30.9209 -3.1396 -552.639
-30.9209 -3.1396 -552.639
-32.5966 -0.511275 -494.733
-32.5966 -0.511275 -494.733
-31.6817 2.13247 -437.811
-31.6817 2.13247 -437.811
-28.1762 4.79164 -381.872
-28.1762 4.79164 -381.872
-22.0802 7.46623 -326.917
-22.0802 7.46623 -326.917
-13.3936 10.1562 -272.946
-13.3936 10.1562 -272.946
-2.11633 12.8617 -219.959
-2.11633 12.8617 -219.959
11.7515 15.5825 -167.955
11.7515 15.5825 -167.955
28.2099 18.3188 -116.935
28.2099 18.3188 -116.935
47.2588 21.0705 -66.8987
47.2588 21.0705 -66.8987
68.8984 23.8377 -17.8461
68.8984 23.8377 -17.8461
93.1285 26.6202 30.2228
93.1285 26.6202 30.2228
119.949 29.4182 77.308
119.949 29.4182 77.308
149.361 32.2316 123.41
149.361 32.2316 123.41
181.362 35.0604 168.527
181.362 35.0604 168.527
215.955 37.9046 212.662
215.955 37.9046 212.662
253.138 40.7643 255.812
253.138 40.7643 255.812
292.912 43.6394 297.979
292.912 43.6394 297.979
335.276 46.5299 339.162
335.276 46.5299 339.162
380.231 49.4359 379.361
380.231 49.4359 379.361
427.776 52.3572 418.577
427.776 52.3572 418.577
477.912 55.294 456.809
477.912 55.294 456.809
530.639 58.2462 494.057
530.639 58.2462 494.057
585.956 61.2138 530.321
585.956 61.2138 530.321
643.863 64.1969 565.602
643.863 64.1969 565.602
704.362 67.1954 599.899
704.362 67.1954 599.899
767.451 70.2093 633.213
767.451 70.2093 633.213
833.13 73.2386 665.542
833.13 73.2386 665.542
765.436 62.5738 625.068
765.436 62.5738 625.068
699.608 52.2705 585.883
699.608 52.2705 585.883
635.648 42.3287 547.989
635.648 42.3287 547.989
573.553 32.7484 511.384
573.553 32.7484 511.384
513.326 23.5297 476.069
513.326 23.5297 476.069
454.965 14.6725 442.044
454.965 14.6725 442.044
398.471 6.17678 409.309
398.471 6.17678 409.309
343.844 -1.9574 377.864
343.844 -1.9574 377.864
291.083 -9.73007 347.708
291.083 -9.73007 347.708
240.189 -17.1412 318.843
240.189 -17.1412 318.843
191.161 -24.1908 291.267
191.161 -24.1908 291.267
144 -30.8789 264.982
144 -30.8789 264.982
98.7064 -37.2055 239.986
98.7064 -37.2055 239.986
55.279 -43.1706 216.28
55.279 -43.1706 216.28
13.7182 -48.7741 193.864
13.7182 -48.7741 193.864
-25.9758 -54.0162 172.738
-25.9758 -54.0162 172.738
-63.8032 -58.8967 152.901
-63.8032 -58.8967 152.901
-99.7639 -63.4157 134.355
-99.7639 -63.4157 134.355
-133.858 -67.5731 117.098
-133.858 -67.5731 117.098
-166.085 -71.3691 101.132
-166.085 -71.3691 101.132
-196.446 -74.8035 86.4547
-196.446 -74.8035 86.4547
-224.94 -77.8764 73.0678
-224.94 -77.8764 73.0678
-251.567 -80.5878 60.9708
-251.567 -80.5878 60.9708
-276.328 -82.9377 50.1636
-276.328 -82.9377 50.1636
-299.222 -84.9261 40.6463
-299.222 -84.9261 40.6463
-320.249 -86.5529 32.4189
-320.249 -86.5529 32.4189
-339.41 -87.8182 25.4814
-339.41 -87.8182 25.4814
-356.704 -88.722 19.8338
-356.704 -88.722 19.8338
-372.131 -89.2643 15.476
-372.131 -89.2643 15.476
-385.692 -89.445 12.4081
-385.692 -89.445 12.4081
-403.718 -85.5421 32.1792
-403.718 -85.5421 32.1792
-420.278 -80.8238 52.285
-420.278 -80.8238 52.285
-435.373 -75.29 72.7255
-435.373 -75.29 72.7255
-449.001 -68.9409 93.5008
-449.001 -68.9409 93.5008
-461.164 -61.7763 114.611
-461.164 -61.7763 114.611
-471.86 -53.7963 136.056
-471.86 -53.7963 136.056
-481.091 -45.0008 157.835
-481.091 -45.0008 157.835
-488.856 -35.39 179.949
-488.856 -35.39 179.949
-495.154 -24.9638 202.398
-495.154 -24.9638 202.398
-499.987 -13.7221 225.182
-499.987 -13.7221 225.182
-503.354 -1.665 248.3
-503.354 -1.665 248.3
-505.256 11.2075 271.753
-505.256 11.2075 271.753
-505.691 24.8954 295.541
-505.691 24.8954 295.541
-504.66 39.3988 319.664
-504.66 39.3988 319.664
-502.163 54.7175 344.121
-502.163 54.7175 344.121
-498.201 70.8517 368.913
-498.201 70.8517 368.913
-492.772 87.8013 394.04
-492.772 87.8013 394.04
-485.878 105.566 419.501
-485.878 105.566 419.501
-477.517 124.147 445.298
-477.517 124.147 445.298
-467.691 143.543 471.429
-467.691 143.543 471.429
-456.399 163.754 497.894
-456.399 163.754 497.894
-443.641 184.78 524.695
-443.641 184.78 524.695
-429.417 206.622 551.83
-429.417 206.622 551.83
-413.727 229.28 579.3
-413.727 229.28 579.3
-396.571 252.753 607.105
-396.571 252.753 607.105
-377.949 277.041 635.244
-377.949 277.041 635.244
-357.862 302.145 663.718
-357.862 302.145 663.718
-336.308 328.064 692.527
-336.308 328.064 692.527
-313.289 354.799 721.67
-313.289 354.799 721.67
-288.803 382.349 751.149
-288.803 382.349 751.149
-261.234 378.873 735.24
-261.234 378.873 735.24
-233.221 374.82 719.165
-233.221 374.82 719.165
-204.766 370.188 702.924
-204.766 370.188 702.924
-175.867 364.977 686.518
-175.867 364.977 686.518
-146.525 359.188 669.946
-146.525 359.188 669.946
-116.74 352.821 653.208
-116.74 352.821 653.208
-86.5123 345.875 636.305
-86.5123 345.875 636.305
-55.8413 338.351 619.236
-55.8413 338.351 619.236
-24.7271 330.249 602.002
-24.7271 330.249 602.002
6.83021 321.568 584.601
6.83021 321.568 584.601
38.8306 312.309 567.035
38.8306 312.309 567.035
71.274 302.471 549.304
71.274 302.471 549.304
104.161 292.055 531.406
104.161 292.055 531.406
137.49 281.06 513.343
137.49 281.06 513.343
171.263 269.487 495.115
171.263 269.487 495.115
205.479 257.336 476.72
205.479 257.336 476.72
240.138 244.606 458.16
240.138 244.606 458.16
275.24 231.298 439.434
275.24 231.298 439.434
310.785 217.411 420.543
310.785 217.411 420.543
346.773 202.946 401.486
346.773 202.946 401.486
383.205 187.903 382.263
383.205 187.903 382.263
420.079 172.281 362.875
420.079 172.281 362.875
457.397 156.081 343.321
457.397 156.081 343.321
495.157 139.302 323.601
495.157 139.302 323.601
533.361 121.945 303.715
533.361 121.945 303.715
572.008 104.01 283.664
572.008 104.01 283.664
611.098 85.496 263.447
611.098 85.496 263.447
650.631 66.4038 243.065
650.631 66.4038 243.065
690.607 46.7331 222.516
690.607 46.7331 222.516
731.026 26.484 201.803
731.026 26.484 201.803
764.586 32.2117 170.695
764.586 32.2117 170.695
796.133 37.8899 139.724
796.133 37.8899 139.724
825.665 43.5189 108.888
825.665 43.5189 108.888
853.185 49.0985 78.1876
853.185 49.0985 78.1876
878.691 54.6287 47.6231
878.691 54.6287 47.6231
902.183 60.1096 17.1944
902.183 60.1096 17.1944
923.661 65.5412 -13.0986
923.661 65.5412 -13.0986
943.126 70.9234 -43.2558
943.126 70.9234 -43.2558
960.578 76.2562 -73.2774
960.578 76.2562 -73.2774
976.015 81.5397 -103.163
976.015 81.5397 -103.163
989.44 86.7739 -132.913
989.44 86.7739 -132.913
1000.85 91.9587 -162.528
1000.85 91.9587 -162.528
1010.25 97.0942 -192.006
1010.25 97.0942 -192.006
1017.63 102.18 -221.349
1017.63 102.18 -221.349
1023 107.217 -250.556
1023 107.217 -250.556
1026.36 112.204 -279.628
1026.36 112.204 -279.628
1027.7 117.143 -308.563
1027.7 117.143 -308.563
1027.03 122.031 -337.363
1027.03 122.031 -337.363
1024.34 126.871 -366.028
1024.34 126.871 -366.028
1019.65 131.661 -394.556
1019.65 131.661 -394.556
1012.93 136.401 -422.949
1012.93 136.401 -422.949
1004.21 141.093 -451.206
1004.21 141.093 -451.206
993.471 145.735 -479.328
993.471 145.735 -479.328
980.718 150.327 -507.313
980.718 150.327 -507.313
965.953 154.871 -535.163
965.953 154.871 -535.163
949.173 159.364 -562.877
949.173 159.364 -562.877
930.38 163.809 -590.456
930.38 163.809 -590.456
909.573 168.204 -617.898
909.573 168.204 -617.898
886.753 172.55 -645.206
886.753 172.55 -645.206
861.919 176.847 -672.377
