-204.901 97.3335 829.61
-188.236 93.6561 829.737
-188.236 93.6561 829.737
-171.217 90.1216 829.752
-171.217 90.1216 829.752
-153.843 86.7299 829.655
-153.843 86.7299 829.655
-136.115 83.4809 829.446
-136.115 83.4809 829.446
-118.032 80.3748 829.126
-118.032 80.3748 829.126
-99.5943 77.4114 828.694
-99.5943 77.4114 828.694
-80.8019 74.5909 828.151
-80.8019 74.5909 828.151
-61.6549 71.9131 827.496
-61.6549 71.9131 827.496
-42.1532 69.3781 826.729
-42.1532 69.3781 826.729
-22.2969 66.9859 825.85
-22.2969 66.9859 825.85
-2.08587 64.7365 824.86
-2.08587 64.7365 824.86
18.4798 62.63 823.758
18.4798 62.63 823.758
39.4001 60.6662 822.544
39.4001 60.6662 822.544
60.6751 58.8452 821.219
60.6751 58.8452 821.219
82.3047 57.167 819.782
82.3047 57.167 819.782
104.289 55.6315 818.233
104.289 55.6315 818.233
126.628 54.2389 816.572
126.628 54.2389 816.572
149.322 52.9891 814.8
149.322 52.9891 814.8
172.37 51.8821 812.917
172.37 51.8821 812.917
195.773 50.9178 810.921
195.773 50.9178 810.921
219.53 50.0964 808.814
219.53 50.0964 808.814
243.643 49.4177 806.595
243.643 49.4177 806.595
268.109 48.8819 804.265
268.109 48.8819 804.265
292.931 48.4888 801.822
292.931 48.4888 801.822
318.107 48.2385 799.268
318.107 48.2385 799.268
343.638 48.1311 796.603
343.638 48.1311 796.603
369.524 48.1664 793.826
369.524 48.1664 793.826
395.764 48.3445 790.937
395.764 48.3445 790.937
422.359 48.6654 787.936
422.359 48.6654 787.936
449.308 49.1291 784.824
449.308 49.1291 784.824
453.279 47.2847 755.735
453.279 47.2847 755.735
456.294 45.4389 727.192
456.294 45.4389 727.192
458.35 43.5918 699.194
458.35 43.5918 699.194
459.45 41.7434 671.74
459.45 41.7434 671.74
459.592 39.8937 644.831
459.592 39.8937 644.831
458.777 38.0426 618.466
458.777 38.0426 618.466
457.005 36.1903 592.646
457.005 36.1903 592.646
454.276 34.3365 567.371
454.276 34.3365 567.371
450.589 32.4815 542.641
450.589 32.4815 542.641
445.945 30.6251 518.456
445.945 30.6251 518.456
440.343 28.7674 494.815
440.343 28.7674 494.815
433.785 26.9084 471.719
433.785 26.9084 471.719
426.269 25.048 449.167
426.269 25.048 449.167
417.796 23.1864 427.161
417.796 23.1864 427.161
408.366 21.3234 405.699
408.366 21.3234 405.699
397.978 19.459 384.781
397.978 19.459 384.781
386.633 17.5934 364.409
386.633 17.5934 364.409
374.331 15.7264 344.581
374.331 15.7264 344.581
361.072 13.858 325.298
361.072 13.858 325.298
346.855 11.9884 306.56
346.855 11.9884 306.56
331.681 10.1174 288.366
331.681 10.1174 288.366
315.55 8.24513 270.717
315.55 8.24513 270.717
298.461 6.3715 253.613
298.461 6.3715 253.613
280.416 4.49655 237.053
280.416 4.49655 237.053
261.413 2.62027 221.039
261.413 2.62027 221.039
241.452 0.742658 205.568
241.452 0.742658 205.568
220.535 -1.13628 190.643
220.535 -1.13628 190.643
198.66 -3.01654 176.263
198.66 -3.01654 176.263
175.828 -4.89813 162.427
175.828 -4.89813 162.427
152.039 -6.78105 149.135
152.039 -6.78105 149.135
133.823 -2.06473 128.779
133.823 -2.06473 128.779
115.242 2.90938 108.405
115.242 2.90938 108.405
96.2946 8.1413 88.013
96.2946 8.1413 88.013
76.9819 13.631 67.6032
76.9819 13.631 67.6032
57.3035 19.3785 47.1757
57.3035 19.3785 47.1757
37.2595 25.3839 26.7304
37.2595 25.3839 26.7304
16.8498 31.647 6.26737
16.8498 31.647 6.26737
-3.92558 38.1679 -14.2135
-3.92558 38.1679 -14.2135
-25.0666 44.9466 -34.7121
-25.0666 44.9466 -34.7121
-46.5732 51.9832 -55.2286
-46.5732 51.9832 -55.2286
-68.4455 59.2775 -75.7628
-68.4455 59.2775 -75.7628
-90.6834 66.8296 -96.3148
-90.6834 66.8296 -96.3148
-113.287 74.6396 -116.885
-113.287 74.6396 -116.885
-136.256 82.7073 -137.472
-136.256 82.7073 -137.472
-159.591 91.0328 -158.077
-159.591 91.0328 -158.077
-183.292 99.6162 -178.701
-183.292 99.6162 -178.701
-207.358 108.457 -199.341
-207.358 108.457 -199.341
-231.79 117.556 -220
-231.79 117.556 -220
-256.587 126.913 -240.677
-256.587 126.913 -240.677
-281.75 136.528 -261.371
-281.75 136.528 -261.371
-307.279 146.4 -282.083
-307.279 146.4 -282.083
-333.174 156.53 -302.813
-333.174 156.53 -302.813
-359.434 166.918 -323.56
-359.434 166.918 -323.56
-386.06 177.564 -344.326
-386.06 177.564 -344.326
-413.051 188.467 -365.109
-413.051 188.467 -365.109
-440.408 199.629 -385.91
-440.408 199.629 -385.91
-468.131 211.048 -406.729
-468.131 211.048 -406.729
-496.219 222.725 -427.565
-496.219 222.725 -427.565
-524.673 234.66 -448.419
-524.673 234.66 -448.419
-553.493 246.852 -469.292
-553.493 246.852 -469.292
-571.442 246.762 -452.773
-571.442 246.762 -452.773
-588.727 246.491 -435.844
-588.727 246.491 -435.844
-605.348 246.039 -418.505
-605.348 246.039 -418.505
-621.306 245.406 -400.756
-621.306 245.406 -400.756
-636.599 244.593 -382.597
-636.599 244.593 -382.597
-651.229 243.599 -364.027
-651.229 243.599 -364.027
-665.195 242.424 -345.047
-665.195 242.424 -345.047
-678.497 241.068 -325.657
-678.497 241.068 -325.657
-691.135 239.532 -305.857
-691.135 239.532 -305.857
-703.109 237.814 -285.647
-703.109 237.814 -285.647
-714.42 235.917 -265.026
-714.42 235.917 -265.026
-725.066 233.838 -243.996
-725.066 233.838 -243.996
-735.049 231.579 -222.555
-735.049 231.579 -222.555
-744.368 229.138 -200.704
-744.368 229.138 -200.704
-753.023 226.518 -178.442
-753.023 226.518 -178.442
-761.014 223.716 -155.771
-761.014 223.716 -155.771
-768.341 220.734 -132.689
-768.341 220.734 -132.689
-775.005 217.57 -109.197
-775.005 217.57 -109.197
-781.004 214.227 -85.2951
-781.004 214.227 -85.2951
-786.34 210.702 -60.9827
-786.34 210.702 -60.9827
-791.011 206.996 -36.2602
-791.011 206.996 -36.2602
-795.019 203.11 -11.1275
-795.019 203.11 -11.1275
-798.364 199.043 14.4153
-798.364 199.043 14.4153
-801.044 194.796 40.3684
-801.044 194.796 40.3684
-803.06 190.367 66.7317
-803.06 190.367 66.7317
-804.413 185.758 93.5052
-804.413 185.758 93.5052
-805.101 180.968 120.689
-805.101 180.968 120.689
-805.126 175.998 148.283
-805.126 175.998 148.283
-804.487 170.846 176.287
-804.487 170.846 176.287
-803.184 165.514 204.701
-803.184 165.514 204.701
-794.304 160.491 233.494
-794.304 160.491 233.494
-785.08 155.702 261.766
-785.08 155.702 261.766
-775.511 151.149 289.518
-775.511 151.149 289.518
-765.599 146.831 316.749
-765.599 146.831 316.749
-755.342 142.749 343.461
-755.342 142.749 343.461
-744.742 138.901 369.652
-744.742 138.901 369.652
-733.797 135.289 395.322
-733.797 135.289 395.322
-722.508 131.912 420.473
-722.508 131.912 420.473
-710.875 128.771 445.103
-710.875 128.771 445.103
-698.898 125.864 469.212
-698.898 125.864 469.212
-686.577 123.193 492.801
-686.577 123.193 492.801
-673.911 120.757 515.87
-673.911 120.757 515.87
-660.902 118.556 538.419
-660.902 118.556 538.419
-647.548 116.59 560.447
-647.548 116.59 560.447
-633.851 114.86 581.955
-633.851 114.86 581.955
-619.809 113.364 602.943
-619.809 113.364 602.943
-605.423 112.104 623.41
-605.423 112.104 623.41
-590.693 111.08 643.357
-590.693 111.08 643.357
-575.619 110.29 662.784
-575.619 110.29 662.784
-560.2 109.736 681.69
-560.2 109.736 681.69
-544.438 109.417 700.076
-544.438 109.417 700.076
-528.331 109.333 717.942
-528.331 109.333 717.942
-511.881 109.484 735.287
-511.881 109.484 735.287
-495.086 109.87 752.113
-495.086 109.87 752.113
-477.947 110.492 768.417
-477.947 110.492 768.417
-460.464 111.349 784.202
-460.464 111.349 784.202
-442.637 112.441 799.466
-442.637 112.441 799.466
-424.466 113.769 814.209
-424.466 113.769 814.209
-405.95 115.331 828.433
-405.95 115.331 828.433
-387.091 117.129 842.136
